<?xml version="1.0" encoding="utf-8"?>
<COLLADA xmlns="http://www.collada.org/2005/11/COLLADASchema" version="1.4.1">
  <asset>
    <contributor>
      <author>Mixamo</author>
      <authoring_tool>COLLADA Mixamo exporter</authoring_tool>
      <comments/>
    </contributor>
    <created>2023-02-25T21:15:21Z</created>
    <modified>2023-02-25T21:15:21Z</modified>
    <revision/>
    <title/>
    <unit meter="0.010000"/>
    <up_axis>Y_UP</up_axis>
  </asset>
  <library_animations>
    <animation id="mixamorig_Hips-anim" name="mixamorig_Hips">
      <source id="mixamorig_Hips-Matrix-animation-input">
        <float_array id="mixamorig_Hips-Matrix-animation-input-array" count="16">

0.000000 0.033333 0.066667 0.100000 0.133333 0.166667 0.200000 0.233333 0.266667 0.300000 0.333333 0.366667 0.400000 0.433333 0.466667 0.500000</float_array>
        <technique_common>
          <accessor source="#mixamorig_Hips-Matrix-animation-input-array" count="16">
            <param name="TIME" type="float"/>
          </accessor>
        </technique_common>
      </source>
      <source id="mixamorig_Hips-Matrix-animation-output-transform">
        <float_array id="mixamorig_Hips-Matrix-animation-output-transform-array" count="256">

0.971823 -0.017398 -0.235067 -0.646817 -0.058771 0.947889 -0.313132 94.157104 0.228266 0.318124 0.920159 3.415898 0.000000 0.000000 0.000000 1.000000
0.973471 -0.129887 -0.188371 -0.716934 0.063930 0.944873 -0.321136 93.709656 0.219698 0.300574 0.928110 2.151124 0.000000 0.000000 0.000000 1.000000
0.963727 -0.260461 -0.058226 -1.481947 0.228916 0.918856 -0.321407 93.078766 0.137215 0.296419 0.945149 0.034622 0.000000 0.000000 0.000000 1.000000
0.978009 -0.206929 0.026069 -1.868159 0.203602 0.920146 -0.334480 94.708130 0.045226 0.332432 0.942042 -0.072732 0.000000 0.000000 0.000000 1.000000
0.994550 -0.085207 0.060082 -2.110766 0.099783 0.944952 -0.311624 96.648643 -0.030222 0.315920 0.948304 1.647615 0.000000 0.000000 0.000000 1.000000
0.995828 -0.045035 0.079367 -1.888268 0.065889 0.956576 -0.283940 96.874908 -0.063133 0.287985 0.955552 1.991260 0.000000 0.000000 0.000000 1.000000
0.992575 -0.068692 0.100380 -1.254960 0.095544 0.951036 -0.293942 95.601868 -0.075273 0.301350 0.950538 0.804518 0.000000 0.000000 0.000000 1.000000
0.983659 -0.065763 0.167603 -0.906709 0.115383 0.944871 -0.306439 94.290268 -0.138211 0.320770 0.937019 -1.140462 0.000000 0.000000 0.000000 1.000000
0.988542 0.025566 0.148762 -0.386773 0.018640 0.957332 -0.288390 94.663940 -0.149788 0.287859 0.945886 -1.690784 0.000000 0.000000 0.000000 1.000000
0.977281 0.210278 0.026539 0.476462 -0.194719 0.940232 -0.279369 94.823898 -0.083698 0.267855 0.959817 -1.862444 0.000000 0.000000 0.000000 1.000000
0.964219 0.257137 -0.064510 0.855198 -0.264257 0.912783 -0.311441 95.272339 -0.021199 0.317344 0.948073 -2.116452 0.000000 0.000000 0.000000 1.000000
0.987066 0.128953 -0.095243 1.165497 -0.153285 0.933153 -0.325160 97.325188 0.046946 0.335554 0.940850 -0.068926 0.000000 0.000000 0.000000 1.000000
0.994295 0.046455 -0.096019 1.797099 -0.072551 0.954417 -0.289523 97.415871 0.078192 0.294838 0.952343 1.661066 0.000000 0.000000 0.000000 1.000000
0.994172 0.013612 -0.106941 1.485266 -0.042601 0.960860 -0.273740 96.686447 0.099030 0.276701 0.955840 2.939921 0.000000 0.000000 0.000000 1.000000
0.987792 0.039629 -0.150655 0.568494 -0.082874 0.952575 -0.292801 94.306900 0.131907 0.301712 0.944230 3.053771 0.000000 0.000000 0.000000 1.000000
0.972451 0.020638 -0.232191 -0.359151 -0.094944 0.944776 -0.313662 93.949371 0.212895 0.327066 0.920708 3.189959 0.000000 0.000000 0.000000 1.000000</float_array>
        <technique_common>
          <accessor source="#mixamorig_Hips-Matrix-animation-output-transform-array" count="16" stride="16">
            <param type="float4x4"/>
          </accessor>
        </technique_common>
      </source>
      <source id="mixamorig_Hips-Interpolations">
        <Name_array id="mixamorig_Hips-Interpolations-array" count="16">
 LINEAR LINEAR LINEAR LINEAR LINEAR LINEAR LINEAR LINEAR LINEAR LINEAR LINEAR
LINEAR LINEAR LINEAR LINEAR LINEAR</Name_array>
        <technique_common>
          <accessor source="#mixamorig_Hips-Interpolations-array" count="16">
            <param type="name"/>
          </accessor>
        </technique_common>
      </source>
      <sampler id="mixamorig_Hips-Matrix-animation-transform">
        <input semantic="INPUT" source="#mixamorig_Hips-Matrix-animation-input"/>
        <input semantic="OUTPUT" source="#mixamorig_Hips-Matrix-animation-output-transform"/>
        <input semantic="INTERPOLATION" source="#mixamorig_Hips-Interpolations"/>
      </sampler>
      <channel source="#mixamorig_Hips-Matrix-animation-transform" target="mixamorig_Hips/matrix"/>
    </animation>
    <animation id="mixamorig_Spine-anim" name="mixamorig_Spine">
      <source id="mixamorig_Spine-Matrix-animation-input">
        <float_array id="mixamorig_Spine-Matrix-animation-input-array" count="16">

0.000000 0.033333 0.066667 0.100000 0.133333 0.166667 0.200000 0.233333 0.266667 0.300000 0.333333 0.366667 0.400000 0.433333 0.466667 0.500000</float_array>
        <technique_common>
          <accessor source="#mixamorig_Spine-Matrix-animation-input-array" count="16">
            <param name="TIME" type="float"/>
          </accessor>
        </technique_common>
      </source>
      <source id="mixamorig_Spine-Matrix-animation-output-transform">
        <float_array id="mixamorig_Spine-Matrix-animation-output-transform-array" count="256">

0.993425 -0.000806 0.114482 -0.000000 0.012355 0.994890 -0.100210 5.645700 -0.113817 0.100965 0.988358 -0.031900 0.000000 0.000000 0.000000 1.000000
0.979154 0.107194 0.172529 0.000000 -0.091367 0.991060 -0.097218 5.645700 -0.181408 0.079428 0.980195 -0.031900 0.000000 0.000000 0.000000 1.000000
0.947670 0.252569 0.195269 0.000000 -0.229309 0.964072 -0.134100 5.645700 -0.222123 0.082306 0.971539 -0.031900 0.000000 0.000000 0.000000 1.000000
0.954417 0.228527 0.192001 0.000000 -0.208266 0.970675 -0.120066 5.645700 -0.213809 0.074606 0.974022 -0.031900 0.000000 0.000000 0.000000 1.000000
0.981517 0.136195 0.134447 -0.000000 -0.121493 0.986241 -0.112110 5.645700 -0.147866 0.093703 0.984558 -0.031900 0.000000 0.000000 0.000000 1.000000
0.993115 0.106803 0.048118 0.000000 -0.100389 0.987654 -0.120260 5.645700 -0.060368 0.114601 0.991576 -0.031900 0.000000 0.000000 0.000000 1.000000
0.991657 0.125578 -0.029104 -0.000000 -0.127741 0.987606 -0.091194 5.645700 0.017291 0.094151 0.995408 -0.031900 0.000000 0.000000 0.000000 1.000000
0.988962 0.107490 -0.101984 0.000000 -0.115721 0.990172 -0.078539 5.645700 0.092539 0.089473 0.991681 -0.031900 0.000000 0.000000 0.000000 1.000000
0.989814 0.006079 -0.142235 -0.000000 -0.023160 0.992654 -0.118747 5.645700 0.140468 0.120832 0.982684 -0.031900 0.000000 0.000000 0.000000 1.000000
0.969996 -0.184429 -0.158408 -0.000000 0.159184 0.974270 -0.159558 5.645700 0.183759 0.129555 0.974396 -0.031900 0.000000 0.000000 0.000000 1.000000
0.951005 -0.257809 -0.170659 -0.000000 0.231669 0.959736 -0.158857 5.645700 0.204743 0.111538 0.972440 -0.031900 0.000000 0.000000 0.000000 1.000000
0.976510 -0.157780 -0.146741 0.000000 0.138697 0.981457 -0.132310 5.645700 0.164895 0.108849 0.980286 -0.031900 0.000000 0.000000 0.000000 1.000000
0.989582 -0.093124 -0.109801 0.000000 0.074968 0.984391 -0.159230 5.645700 0.122915 0.149339 0.981116 -0.031900 0.000000 0.000000 0.000000 1.000000
0.995224 -0.069287 -0.068759 0.000000 0.058049 0.986401 -0.153763 5.645700 0.078477 0.149037 0.985713 -0.031900 0.000000 0.000000 0.000000 1.000000
0.996820 -0.079483 -0.005665 -0.000000 0.078302 0.990227 -0.115410 5.645700 0.014783 0.114600 0.993302 -0.031900 0.000000 0.000000 0.000000 1.000000
0.995731 -0.043982 0.081155 0.000000 0.051598 0.994209 -0.094271 5.645700 -0.076539 0.098055 0.992233 -0.031900 0.000000 0.000000 0.000000 1.000000</float_array>
        <technique_common>
          <accessor source="#mixamorig_Spine-Matrix-animation-output-transform-array" count="16" stride="16">
            <param type="float4x4"/>
          </accessor>
        </technique_common>
      </source>
      <source id="mixamorig_Spine-Interpolations">
        <Name_array id="mixamorig_Spine-Interpolations-array" count="16">
 LINEAR LINEAR LINEAR LINEAR LINEAR LINEAR LINEAR LINEAR LINEAR LINEAR LINEAR
LINEAR LINEAR LINEAR LINEAR LINEAR</Name_array>
        <technique_common>
          <accessor source="#mixamorig_Spine-Interpolations-array" count="16">
            <param type="name"/>
          </accessor>
        </technique_common>
      </source>
      <sampler id="mixamorig_Spine-Matrix-animation-transform">
        <input semantic="INPUT" source="#mixamorig_Spine-Matrix-animation-input"/>
        <input semantic="OUTPUT" source="#mixamorig_Spine-Matrix-animation-output-transform"/>
        <input semantic="INTERPOLATION" source="#mixamorig_Spine-Interpolations"/>
      </sampler>
      <channel source="#mixamorig_Spine-Matrix-animation-transform" target="mixamorig_Spine/matrix"/>
    </animation>
    <animation id="mixamorig_Spine1-anim" name="mixamorig_Spine1">
      <source id="mixamorig_Spine1-Matrix-animation-input">
        <float_array id="mixamorig_Spine1-Matrix-animation-input-array" count="16">

0.000000 0.033333 0.066667 0.100000 0.133333 0.166667 0.200000 0.233333 0.266667 0.300000 0.333333 0.366667 0.400000 0.433333 0.466667 0.500000</float_array>
        <technique_common>
          <accessor source="#mixamorig_Spine1-Matrix-animation-input-array" count="16">
            <param name="TIME" type="float"/>
          </accessor>
        </technique_common>
      </source>
      <source id="mixamorig_Spine1-Matrix-animation-output-transform">
        <float_array id="mixamorig_Spine1-Matrix-animation-output-transform-array" count="256">

0.998937 0.001026 0.046082 -0.000000 0.002208 0.997539 -0.070079 6.586800 -0.046040 0.070106 0.996477 -0.000000 0.000000 0.000000 0.000000 1.000000
0.997499 0.022709 0.066931 0.000000 -0.018157 0.997530 -0.067848 6.586800 -0.068306 0.066463 0.995448 0.000000 0.000000 0.000000 0.000000 1.000000
0.996344 0.039778 0.075603 -0.000000 -0.033734 0.996256 -0.079599 6.586800 -0.078486 0.076757 0.993956 -0.000000 0.000000 0.000000 0.000000 1.000000
0.996582 0.040215 0.072162 0.000000 -0.035111 0.996883 -0.070649 6.586800 -0.074779 0.067874 0.994888 0.000000 0.000000 0.000000 0.000000 1.000000
0.998199 0.033856 0.049526 0.000000 -0.030747 0.997587 -0.062248 6.586800 -0.051514 0.060613 0.996831 0.000000 0.000000 0.000000 0.000000 1.000000
0.999148 0.032384 0.025570 0.000000 -0.030634 0.997343 -0.066092 6.586800 -0.027642 0.065253 0.997486 0.000000 0.000000 0.000000 0.000000 1.000000
0.999343 0.035586 -0.006857 0.000000 -0.035947 0.997383 -0.062736 6.586800 0.004607 0.062941 0.998007 0.000000 0.000000 0.000000 0.000000 1.000000
0.998711 0.025760 -0.043727 0.000000 -0.028657 0.997343 -0.066976 6.586800 0.041885 0.068143 0.996796 -0.000000 0.000000 0.000000 0.000000 1.000000
0.997690 -0.000459 -0.067934 0.000000 -0.005409 0.996266 -0.086163 6.586800 0.067720 0.086332 0.993962 0.000000 0.000000 0.000000 0.000000 1.000000
0.996843 -0.029718 -0.073630 -0.000000 0.022613 0.995171 -0.095511 6.586800 0.076113 0.093545 0.992701 0.000000 0.000000 0.000000 0.000000 1.000000
0.996060 -0.040723 -0.078779 0.000000 0.033461 0.995252 -0.091398 6.586800 0.082126 0.088402 0.992693 0.000000 0.000000 0.000000 0.000000 1.000000
0.997767 -0.033303 -0.057888 0.000000 0.028785 0.996600 -0.077205 6.586800 0.060262 0.075366 0.995333 0.000000 0.000000 0.000000 0.000000 1.000000
0.998985 -0.026365 -0.036518 -0.000000 0.023232 0.996221 -0.083691 6.586800 0.038586 0.082757 0.995822 0.000000 0.000000 0.000000 0.000000 1.000000
0.998898 -0.026193 -0.038944 0.000000 0.022873 0.996257 -0.083359 6.586800 0.040981 0.082376 0.995758 0.000000 0.000000 0.000000 0.000000 1.000000
0.999607 -0.022852 -0.016250 0.000000 0.021645 0.997249 -0.070894 6.586800 0.017825 0.070514 0.997352 0.000000 0.000000 0.000000 0.000000 1.000000
0.999457 -0.010268 0.031314 -0.000000 0.012310 0.997762 -0.065725 6.586800 -0.030569 0.066075 0.997346 0.000000 0.000000 0.000000 0.000000 1.000000</float_array>
        <technique_common>
          <accessor source="#mixamorig_Spine1-Matrix-animation-output-transform-array" count="16" stride="16">
            <param type="float4x4"/>
          </accessor>
        </technique_common>
      </source>
      <source id="mixamorig_Spine1-Interpolations">
        <Name_array id="mixamorig_Spine1-Interpolations-array" count="16">
 LINEAR LINEAR LINEAR LINEAR LINEAR LINEAR LINEAR LINEAR LINEAR LINEAR LINEAR
LINEAR LINEAR LINEAR LINEAR LINEAR</Name_array>
        <technique_common>
          <accessor source="#mixamorig_Spine1-Interpolations-array" count="16">
            <param type="name"/>
          </accessor>
        </technique_common>
      </source>
      <sampler id="mixamorig_Spine1-Matrix-animation-transform">
        <input semantic="INPUT" source="#mixamorig_Spine1-Matrix-animation-input"/>
        <input semantic="OUTPUT" source="#mixamorig_Spine1-Matrix-animation-output-transform"/>
        <input semantic="INTERPOLATION" source="#mixamorig_Spine1-Interpolations"/>
      </sampler>
      <channel source="#mixamorig_Spine1-Matrix-animation-transform" target="mixamorig_Spine1/matrix"/>
    </animation>
    <animation id="mixamorig_Spine2-anim" name="mixamorig_Spine2">
      <source id="mixamorig_Spine2-Matrix-animation-input">
        <float_array id="mixamorig_Spine2-Matrix-animation-input-array" count="16">

0.000000 0.033333 0.066667 0.100000 0.133333 0.166667 0.200000 0.233333 0.266667 0.300000 0.333333 0.366667 0.400000 0.433333 0.466667 0.500000</float_array>
        <technique_common>
          <accessor source="#mixamorig_Spine2-Matrix-animation-input-array" count="16">
            <param name="TIME" type="float"/>
          </accessor>
        </technique_common>
      </source>
      <source id="mixamorig_Spine2-Matrix-animation-output-transform">
        <float_array id="mixamorig_Spine2-Matrix-animation-output-transform-array" count="256">

0.998942 -0.001205 0.045963 0.000000 0.004428 0.997532 -0.070081 7.527800 -0.045765 0.070210 0.996482 0.000000 0.000000 0.000000 0.000000 1.000000
0.997583 0.018308 0.067036 0.000000 -0.013709 0.997561 -0.068440 7.527800 -0.068125 0.067355 0.995401 -0.000000 0.000000 0.000000 0.000000 1.000000
0.996459 0.033568 0.077087 0.000000 -0.027345 0.996387 -0.080403 7.527800 -0.079507 0.078011 0.993777 0.000000 0.000000 0.000000 0.000000 1.000000
0.996598 0.036049 0.074120 0.000000 -0.030814 0.997029 -0.070594 7.527800 -0.076445 0.068070 0.994748 0.000000 0.000000 0.000000 0.000000 1.000000
0.998198 0.032148 0.050671 0.000000 -0.028975 0.997646 -0.062154 7.527800 -0.052550 0.060573 0.996779 -0.000000 0.000000 0.000000 0.000000 1.000000
0.999146 0.031521 0.026717 0.000000 -0.029697 0.997370 -0.066116 7.527800 -0.028731 0.065266 0.997454 0.000000 0.000000 0.000000 0.000000 1.000000
0.999356 0.035501 -0.005127 0.000000 -0.035754 0.997367 -0.063093 7.527800 0.002873 0.063235 0.997995 0.000000 0.000000 0.000000 0.000000 1.000000
0.998761 0.027165 -0.041702 0.000000 -0.029956 0.997248 -0.067818 7.527800 0.039745 0.068983 0.996826 0.000000 0.000000 0.000000 0.000000 1.000000
0.997757 0.002501 -0.066897 -0.000000 -0.008334 0.996168 -0.087058 7.527800 0.066423 0.087420 0.993955 0.000000 0.000000 0.000000 0.000000 1.000000
0.996893 -0.023796 -0.075089 -0.000000 0.016506 0.995219 -0.096263 7.527800 0.077020 0.094725 0.992520 0.000000 0.000000 0.000000 0.000000 1.000000
0.996008 -0.033937 -0.082562 0.000000 0.026355 0.995480 -0.091246 7.527800 0.085286 0.088706 0.992400 0.000000 0.000000 0.000000 0.000000 1.000000
0.997774 -0.029205 -0.059950 0.000000 0.024510 0.996682 -0.077611 7.527800 0.062018 0.075969 0.995180 0.000000 0.000000 0.000000 0.000000 1.000000
0.999035 -0.023888 -0.036850 -0.000000 0.020702 0.996206 -0.084525 7.527800 0.038729 0.083681 0.995740 0.000000 0.000000 0.000000 0.000000 1.000000
0.998929 -0.025375 -0.038695 -0.000000 0.022063 0.996242 -0.083752 7.527800 0.040674 0.082809 0.995735 0.000000 0.000000 0.000000 0.000000 1.000000
0.999602 -0.023092 -0.016232 0.000000 0.021887 0.997248 -0.070834 7.527800 0.017823 0.070450 0.997356 0.000000 0.000000 0.000000 0.000000 1.000000
0.999448 -0.011441 0.031202 0.000000 0.013469 0.997756 -0.065580 7.527800 -0.030382 0.065964 0.997359 0.000000 0.000000 0.000000 0.000000 1.000000</float_array>
        <technique_common>
          <accessor source="#mixamorig_Spine2-Matrix-animation-output-transform-array" count="16" stride="16">
            <param type="float4x4"/>
          </accessor>
        </technique_common>
      </source>
      <source id="mixamorig_Spine2-Interpolations">
        <Name_array id="mixamorig_Spine2-Interpolations-array" count="16">
 LINEAR LINEAR LINEAR LINEAR LINEAR LINEAR LINEAR LINEAR LINEAR LINEAR LINEAR
LINEAR LINEAR LINEAR LINEAR LINEAR</Name_array>
        <technique_common>
          <accessor source="#mixamorig_Spine2-Interpolations-array" count="16">
            <param type="name"/>
          </accessor>
        </technique_common>
      </source>
      <sampler id="mixamorig_Spine2-Matrix-animation-transform">
        <input semantic="INPUT" source="#mixamorig_Spine2-Matrix-animation-input"/>
        <input semantic="OUTPUT" source="#mixamorig_Spine2-Matrix-animation-output-transform"/>
        <input semantic="INTERPOLATION" source="#mixamorig_Spine2-Interpolations"/>
      </sampler>
      <channel source="#mixamorig_Spine2-Matrix-animation-transform" target="mixamorig_Spine2/matrix"/>
    </animation>
    <animation id="mixamorig_Neck-anim" name="mixamorig_Neck">
      <source id="mixamorig_Neck-Matrix-animation-input">
        <float_array id="mixamorig_Neck-Matrix-animation-input-array" count="16">

0.000000 0.033333 0.066667 0.100000 0.133333 0.166667 0.200000 0.233333 0.266667 0.300000 0.333333 0.366667 0.400000 0.433333 0.466667 0.500000</float_array>
        <technique_common>
          <accessor source="#mixamorig_Neck-Matrix-animation-input-array" count="16">
            <param name="TIME" type="float"/>
          </accessor>
        </technique_common>
      </source>
      <source id="mixamorig_Neck-Matrix-animation-output-transform">
        <float_array id="mixamorig_Neck-Matrix-animation-output-transform-array" count="256">

0.999967 -0.006296 0.005085 0.000000 0.005738 0.994648 0.103160 8.468700 -0.005707 -0.103128 0.994652 0.000000 0.000000 0.000000 0.000000 1.000000
0.999401 0.030539 -0.016280 -0.000000 -0.029484 0.997669 0.061544 8.468700 0.018121 -0.061027 0.997972 0.000000 0.000000 0.000000 0.000000 1.000000
0.998106 0.041944 -0.044994 -0.000000 -0.041632 0.999102 0.007861 8.468700 0.045283 -0.005973 0.998956 -0.000000 0.000000 0.000000 0.000000 1.000000
0.998153 0.018041 -0.058011 -0.000000 -0.020081 0.999193 -0.034776 8.468700 0.057337 0.035877 0.997710 -0.000000 0.000000 0.000000 0.000000 1.000000
0.998932 -0.000747 -0.046207 -0.000000 -0.000287 0.999750 -0.022359 8.468700 0.046212 0.022349 0.998682 0.000000 0.000000 0.000000 0.000000 1.000000
0.999414 -0.008626 -0.033132 0.000000 0.009162 0.999829 0.016063 8.468700 0.032987 -0.016357 0.999322 0.000000 0.000000 0.000000 0.000000 1.000000
0.999609 -0.016410 -0.022659 -0.000000 0.017108 0.999375 0.030946 8.468700 0.022137 -0.031322 0.999264 -0.000000 0.000000 0.000000 0.000000 1.000000
0.999778 -0.017837 -0.011177 0.000000 0.018386 0.998523 0.051127 8.468700 0.010249 -0.051321 0.998630 0.000000 0.000000 0.000000 0.000000 1.000000
0.999714 -0.020580 0.012200 -0.000000 0.019678 0.997358 0.069933 8.468700 -0.013607 -0.069673 0.997477 0.000000 0.000000 0.000000 0.000000 1.000000
0.998829 -0.021815 0.043187 -0.000000 0.019608 0.998512 0.050893 8.468700 -0.044233 -0.049987 0.997770 0.000000 0.000000 0.000000 0.000000 1.000000
0.997727 -0.007674 0.066943 0.000000 0.006680 0.999864 0.015067 8.468700 -0.067050 -0.014585 0.997643 0.000000 0.000000 0.000000 0.000000 1.000000
0.998154 -0.026201 0.054800 -0.000000 0.024873 0.999383 0.024782 8.468700 -0.055416 -0.023373 0.998190 -0.000000 0.000000 0.000000 0.000000 1.000000
0.997946 -0.054215 0.034116 0.000000 0.051670 0.996101 0.071503 8.468700 -0.037860 -0.069593 0.996857 -0.000000 0.000000 0.000000 0.000000 1.000000
0.998279 -0.049661 0.031186 0.000000 0.046814 0.995176 0.086216 8.468700 -0.035317 -0.084608 0.995788 0.000000 0.000000 0.000000 0.000000 1.000000
0.998861 -0.039369 0.026947 -0.000000 0.036791 0.995238 0.090261 8.468700 -0.030372 -0.089167 0.995553 0.000000 0.000000 0.000000 0.000000 1.000000
0.999690 -0.021116 0.013164 -0.000000 0.019650 0.994484 0.103030 8.468700 -0.015267 -0.102739 0.994591 0.000000 0.000000 0.000000 0.000000 1.000000</float_array>
        <technique_common>
          <accessor source="#mixamorig_Neck-Matrix-animation-output-transform-array" count="16" stride="16">
            <param type="float4x4"/>
          </accessor>
        </technique_common>
      </source>
      <source id="mixamorig_Neck-Interpolations">
        <Name_array id="mixamorig_Neck-Interpolations-array" count="16">
 LINEAR LINEAR LINEAR LINEAR LINEAR LINEAR LINEAR LINEAR LINEAR LINEAR LINEAR
LINEAR LINEAR LINEAR LINEAR LINEAR</Name_array>
        <technique_common>
          <accessor source="#mixamorig_Neck-Interpolations-array" count="16">
            <param type="name"/>
          </accessor>
        </technique_common>
      </source>
      <sampler id="mixamorig_Neck-Matrix-animation-transform">
        <input semantic="INPUT" source="#mixamorig_Neck-Matrix-animation-input"/>
        <input semantic="OUTPUT" source="#mixamorig_Neck-Matrix-animation-output-transform"/>
        <input semantic="INTERPOLATION" source="#mixamorig_Neck-Interpolations"/>
      </sampler>
      <channel source="#mixamorig_Neck-Matrix-animation-transform" target="mixamorig_Neck/matrix"/>
    </animation>
    <animation id="mixamorig_Head-anim" name="mixamorig_Head">
      <source id="mixamorig_Head-Matrix-animation-input">
        <float_array id="mixamorig_Head-Matrix-animation-input-array" count="16">

0.000000 0.033333 0.066667 0.100000 0.133333 0.166667 0.200000 0.233333 0.266667 0.300000 0.333333 0.366667 0.400000 0.433333 0.466667 0.500000</float_array>
        <technique_common>
          <accessor source="#mixamorig_Head-Matrix-animation-input-array" count="16">
            <param name="TIME" type="float"/>
          </accessor>
        </technique_common>
      </source>
      <source id="mixamorig_Head-Matrix-animation-output-transform">
        <float_array id="mixamorig_Head-Matrix-animation-output-transform-array" count="256">

0.998739 0.014141 0.048162 0.000000 -0.027519 0.956709 0.289741 5.998900 -0.041980 -0.290701 0.955892 -1.159000 0.000000 0.000000 0.000000 1.000000
0.992427 -0.012197 -0.122232 -0.000000 0.039239 0.974402 0.221360 5.998900 0.116404 -0.224480 0.967501 -1.159000 0.000000 0.000000 0.000000 1.000000
0.952814 -0.072399 -0.294794 -0.000000 0.133755 0.971916 0.193620 5.998900 0.272497 -0.223914 0.935739 -1.159000 0.000000 0.000000 0.000000 1.000000
0.935582 -0.099018 -0.338943 -0.000000 0.176495 0.962505 0.205993 5.998900 0.305837 -0.252545 0.917979 -1.159000 0.000000 0.000000 0.000000 1.000000
0.951833 -0.135440 -0.275081 0.000000 0.196966 0.957650 0.210026 5.998900 0.234986 -0.254092 0.938200 -1.159000 0.000000 0.000000 0.000000 1.000000
0.965737 -0.164347 -0.200855 0.000000 0.203549 0.959781 0.193360 5.998900 0.160999 -0.227619 0.960348 -1.159000 0.000000 0.000000 0.000000 1.000000
0.974528 -0.173562 -0.142023 0.000000 0.198796 0.961672 0.188860 5.998900 0.103801 -0.212283 0.971680 -1.159000 0.000000 0.000000 0.000000 1.000000
0.979896 -0.177372 -0.091337 0.000000 0.193972 0.954099 0.228189 5.998900 0.046670 -0.241319 0.969323 -1.159000 0.000000 0.000000 0.000000 1.000000
0.986521 -0.161074 0.028846 -0.000000 0.147357 0.951114 0.271419 5.998900 -0.071154 -0.263510 0.962029 -1.159000 0.000000 0.000000 0.000000 1.000000
0.973725 -0.094317 0.207278 -0.000000 0.038610 0.965399 0.257902 5.998900 -0.224431 -0.243122 0.943675 -1.159000 0.000000 0.000000 0.000000 1.000000
0.949149 -0.042925 0.311887 0.000000 -0.040347 0.965907 0.255724 5.998900 -0.312231 -0.255304 0.915058 -1.159000 0.000000 0.000000 0.000000 1.000000
0.954564 -0.004995 0.297963 -0.000000 -0.074197 0.964390 0.253865 5.998900 -0.288621 -0.264438 0.920201 -1.159000 0.000000 0.000000 0.000000 1.000000
0.966735 0.027503 0.254299 0.000000 -0.093469 0.963429 0.251132 5.998900 -0.238092 -0.266547 0.933951 -1.159000 0.000000 0.000000 0.000000 1.000000
0.973642 0.026769 0.226504 0.000000 -0.080694 0.969287 0.232317 5.998900 -0.213328 -0.244471 0.945899 -1.159000 0.000000 0.000000 0.000000 1.000000
0.981069 0.022122 0.192391 -0.000000 -0.069556 0.967416 0.243449 5.998900 -0.180737 -0.252222 0.950641 -1.159000 0.000000 0.000000 0.000000 1.000000
0.993205 0.024527 0.113765 -0.000000 -0.056409 0.956490 0.286259 5.998900 -0.101794 -0.290731 0.951374 -1.159000 0.000000 0.000000 0.000000 1.000000</float_array>
        <technique_common>
          <accessor source="#mixamorig_Head-Matrix-animation-output-transform-array" count="16" stride="16">
            <param type="float4x4"/>
          </accessor>
        </technique_common>
      </source>
      <source id="mixamorig_Head-Interpolations">
        <Name_array id="mixamorig_Head-Interpolations-array" count="16">
 LINEAR LINEAR LINEAR LINEAR LINEAR LINEAR LINEAR LINEAR LINEAR LINEAR LINEAR
LINEAR LINEAR LINEAR LINEAR LINEAR</Name_array>
        <technique_common>
          <accessor source="#mixamorig_Head-Interpolations-array" count="16">
            <param type="name"/>
          </accessor>
        </technique_common>
      </source>
      <sampler id="mixamorig_Head-Matrix-animation-transform">
        <input semantic="INPUT" source="#mixamorig_Head-Matrix-animation-input"/>
        <input semantic="OUTPUT" source="#mixamorig_Head-Matrix-animation-output-transform"/>
        <input semantic="INTERPOLATION" source="#mixamorig_Head-Interpolations"/>
      </sampler>
      <channel source="#mixamorig_Head-Matrix-animation-transform" target="mixamorig_Head/matrix"/>
    </animation>
    <animation id="mixamorig_LeftShoulder-anim" name="mixamorig_LeftShoulder">
      <source id="mixamorig_LeftShoulder-Matrix-animation-input">
        <float_array id="mixamorig_LeftShoulder-Matrix-animation-input-array" count="16">

0.000000 0.033333 0.066667 0.100000 0.133333 0.166667 0.200000 0.233333 0.266667 0.300000 0.333333 0.366667 0.400000 0.433333 0.466667 0.500000</float_array>
        <technique_common>
          <accessor source="#mixamorig_LeftShoulder-Matrix-animation-input-array" count="16">
            <param name="TIME" type="float"/>
          </accessor>
        </technique_common>
      </source>
      <source id="mixamorig_LeftShoulder-Matrix-animation-output-transform">
        <float_array id="mixamorig_LeftShoulder-Matrix-animation-output-transform-array" count="256">

0.220001 0.833859 -0.506239 3.414700 0.006346 -0.520166 -0.854042 7.343400 -0.975479 0.184678 -0.119729 -0.017400 0.000000 0.000000 0.000000 1.000000
0.243193 0.900547 -0.360379 3.414700 0.024535 -0.377125 -0.925837 7.343400 -0.969668 0.216315 -0.113809 -0.017400 0.000000 0.000000 0.000000 1.000000
0.336553 0.911188 -0.237630 3.414700 0.045761 -0.267878 -0.962365 7.343400 -0.940552 0.313012 -0.131852 -0.017400 0.000000 0.000000 0.000000 1.000000
0.331345 0.906104 -0.263032 3.414700 0.040695 -0.292246 -0.955477 7.343400 -0.942632 0.305889 -0.133708 -0.017400 0.000000 0.000000 0.000000 1.000000
0.262088 0.868284 -0.421179 3.414700 0.015185 -0.440092 -0.897824 7.343400 -0.964924 0.228914 -0.128528 -0.017400 0.000000 0.000000 0.000000 1.000000
0.230314 0.788585 -0.570165 3.414700 -0.002852 -0.585367 -0.810763 7.343400 -0.973112 0.188356 -0.132569 -0.017400 0.000000 0.000000 0.000000 1.000000
0.209391 0.732604 -0.647647 3.414700 -0.010807 -0.660555 -0.750700 7.343400 -0.977772 0.164189 -0.130396 -0.017400 0.000000 0.000000 0.000000 1.000000
0.254920 0.753136 -0.606467 3.414700 -0.011275 -0.624830 -0.780679 7.343400 -0.966897 0.205849 -0.150790 -0.017400 0.000000 0.000000 0.000000 1.000000
0.330448 0.856808 -0.395834 3.414700 0.016420 -0.424549 -0.905256 7.343400 -0.943681 0.292641 -0.154360 -0.017400 0.000000 0.000000 0.000000 1.000000
0.295914 0.915253 -0.273398 3.414700 0.012334 -0.289853 -0.956992 7.343400 -0.955135 0.279815 -0.097061 -0.017400 0.000000 0.000000 0.000000 1.000000
0.249977 0.926351 -0.281753 3.414700 -0.003626 -0.290093 -0.956991 7.343400 -0.968245 0.240248 -0.069157 -0.017400 0.000000 0.000000 0.000000 1.000000
0.254259 0.924459 -0.284126 3.414700 0.012477 -0.296892 -0.954829 7.343400 -0.967056 0.239229 -0.087023 -0.017400 0.000000 0.000000 0.000000 1.000000
0.267044 0.907200 -0.325079 3.414700 0.026399 -0.344089 -0.938566 7.343400 -0.963323 0.242056 -0.115836 -0.017400 0.000000 0.000000 0.000000 1.000000
0.249644 0.844573 -0.473682 3.414700 0.008007 -0.490954 -0.871149 7.343400 -0.968305 0.213684 -0.129326 -0.017400 0.000000 0.000000 0.000000 1.000000
0.241131 0.784658 -0.571110 3.414700 -0.004211 -0.587623 -0.809124 7.343400 -0.970483 0.197510 -0.138390 -0.017400 0.000000 0.000000 0.000000 1.000000
0.219814 0.803925 -0.552618 3.414700 0.001942 -0.566832 -0.823831 7.343400 -0.975540 0.180016 -0.126159 -0.017400 0.000000 0.000000 0.000000 1.000000</float_array>
        <technique_common>
          <accessor source="#mixamorig_LeftShoulder-Matrix-animation-output-transform-array" count="16" stride="16">
            <param type="float4x4"/>
          </accessor>
        </technique_common>
      </source>
      <source id="mixamorig_LeftShoulder-Interpolations">
        <Name_array id="mixamorig_LeftShoulder-Interpolations-array" count="16">
 LINEAR LINEAR LINEAR LINEAR LINEAR LINEAR LINEAR LINEAR LINEAR LINEAR LINEAR
LINEAR LINEAR LINEAR LINEAR LINEAR</Name_array>
        <technique_common>
          <accessor source="#mixamorig_LeftShoulder-Interpolations-array" count="16">
            <param type="name"/>
          </accessor>
        </technique_common>
      </source>
      <sampler id="mixamorig_LeftShoulder-Matrix-animation-transform">
        <input semantic="INPUT" source="#mixamorig_LeftShoulder-Matrix-animation-input"/>
        <input semantic="OUTPUT" source="#mixamorig_LeftShoulder-Matrix-animation-output-transform"/>
        <input semantic="INTERPOLATION" source="#mixamorig_LeftShoulder-Interpolations"/>
      </sampler>
      <channel source="#mixamorig_LeftShoulder-Matrix-animation-transform" target="mixamorig_LeftShoulder/matrix"/>
    </animation>
    <animation id="mixamorig_LeftArm-anim" name="mixamorig_LeftArm">
      <source id="mixamorig_LeftArm-Matrix-animation-input">
        <float_array id="mixamorig_LeftArm-Matrix-animation-input-array" count="16">

0.000000 0.033333 0.066667 0.100000 0.133333 0.166667 0.200000 0.233333 0.266667 0.300000 0.333333 0.366667 0.400000 0.433333 0.466667 0.500000</float_array>
        <technique_common>
          <accessor source="#mixamorig_LeftArm-Matrix-animation-input-array" count="16">
            <param name="TIME" type="float"/>
          </accessor>
        </technique_common>
      </source>
      <source id="mixamorig_LeftArm-Matrix-animation-output-transform">
        <float_array id="mixamorig_LeftArm-Matrix-animation-output-transform-array" count="256">

0.682486 0.410111 0.604997 0.000000 0.151102 0.730694 -0.665773 7.189700 -0.715109 0.545797 0.436720 0.000000 0.000000 0.000000 0.000000 1.000000
0.474804 0.598216 0.645522 0.000000 0.087882 0.697578 -0.711098 7.189700 -0.875693 0.394362 0.278640 0.000000 0.000000 0.000000 0.000000 1.000000
0.412572 0.661749 0.625997 0.000000 -0.056676 0.704527 -0.707411 7.189700 -0.909160 0.256379 0.328173 0.000000 0.000000 0.000000 0.000000 1.000000
0.577957 0.622050 0.528222 0.000000 -0.158756 0.720616 -0.674915 7.189700 -0.800476 0.306214 0.515239 -0.000000 0.000000 0.000000 0.000000 1.000000
0.784627 0.488053 0.382316 0.000000 -0.182049 0.770860 -0.610436 7.189700 -0.592637 0.409364 0.693687 -0.000000 0.000000 0.000000 0.000000 1.000000
0.932708 0.229983 0.277784 -0.000000 -0.060247 0.858810 -0.508739 7.189700 -0.355565 0.457769 0.814875 0.000000 0.000000 0.000000 0.000000 1.000000
0.962242 -0.139061 0.233992 0.000000 0.224271 0.892193 -0.392039 7.189700 -0.154249 0.429714 0.889693 0.000000 0.000000 0.000000 0.000000 1.000000
0.874932 -0.474501 0.096656 0.000000 0.474885 0.801698 -0.362993 7.189700 0.094751 0.363495 0.926765 0.000000 0.000000 0.000000 0.000000 1.000000
0.713818 -0.673649 -0.191471 -0.000000 0.508011 0.686260 -0.520550 7.189700 0.482066 0.274308 0.832086 -0.000000 0.000000 0.000000 0.000000 1.000000
0.622567 -0.640559 -0.449548 0.000000 0.436420 0.761019 -0.479986 7.189700 0.649575 0.102632 0.753339 0.000000 0.000000 0.000000 0.000000 1.000000
0.660771 -0.482913 -0.574610 0.000000 0.389723 0.875002 -0.287207 7.189700 0.641481 -0.034161 0.766378 -0.000000 0.000000 0.000000 0.000000 1.000000
0.861774 -0.409868 -0.298921 0.000000 0.333475 0.901746 -0.275044 7.189700 0.382282 0.137343 0.913782 0.000000 0.000000 0.000000 0.000000 1.000000
0.916703 -0.397212 0.043335 -0.000000 0.377643 0.825857 -0.418744 7.189700 0.130541 0.400229 0.907070 0.000000 0.000000 0.000000 0.000000 1.000000
0.917153 -0.333115 0.218780 -0.000000 0.398473 0.756816 -0.518120 7.189700 0.007017 0.562374 0.826853 -0.000000 0.000000 0.000000 0.000000 1.000000
0.924295 -0.147700 0.351943 0.000000 0.337825 0.745721 -0.574260 7.189700 -0.177633 0.649680 0.739163 -0.000000 0.000000 0.000000 0.000000 1.000000
0.803992 0.243237 0.542617 0.000000 0.205601 0.742523 -0.637485 7.189700 -0.557966 0.624095 0.546973 -0.000000 0.000000 0.000000 0.000000 1.000000</float_array>
        <technique_common>
          <accessor source="#mixamorig_LeftArm-Matrix-animation-output-transform-array" count="16" stride="16">
            <param type="float4x4"/>
          </accessor>
        </technique_common>
      </source>
      <source id="mixamorig_LeftArm-Interpolations">
        <Name_array id="mixamorig_LeftArm-Interpolations-array" count="16">
 LINEAR LINEAR LINEAR LINEAR LINEAR LINEAR LINEAR LINEAR LINEAR LINEAR LINEAR
LINEAR LINEAR LINEAR LINEAR LINEAR</Name_array>
        <technique_common>
          <accessor source="#mixamorig_LeftArm-Interpolations-array" count="16">
            <param type="name"/>
          </accessor>
        </technique_common>
      </source>
      <sampler id="mixamorig_LeftArm-Matrix-animation-transform">
        <input semantic="INPUT" source="#mixamorig_LeftArm-Matrix-animation-input"/>
        <input semantic="OUTPUT" source="#mixamorig_LeftArm-Matrix-animation-output-transform"/>
        <input semantic="INTERPOLATION" source="#mixamorig_LeftArm-Interpolations"/>
      </sampler>
      <channel source="#mixamorig_LeftArm-Matrix-animation-transform" target="mixamorig_LeftArm/matrix"/>
    </animation>
    <animation id="mixamorig_LeftForeArm-anim" name="mixamorig_LeftForeArm">
      <source id="mixamorig_LeftForeArm-Matrix-animation-input">
        <float_array id="mixamorig_LeftForeArm-Matrix-animation-input-array" count="16">

0.000000 0.033333 0.066667 0.100000 0.133333 0.166667 0.200000 0.233333 0.266667 0.300000 0.333333 0.366667 0.400000 0.433333 0.466667 0.500000</float_array>
        <technique_common>
          <accessor source="#mixamorig_LeftForeArm-Matrix-animation-input-array" count="16">
            <param name="TIME" type="float"/>
          </accessor>
        </technique_common>
      </source>
      <source id="mixamorig_LeftForeArm-Matrix-animation-output-transform">
        <float_array id="mixamorig_LeftForeArm-Matrix-animation-output-transform-array" count="256">

0.795045 -0.606547 0.002039 0.000000 0.606546 0.795022 -0.006556 24.203600 0.002356 0.006449 0.999976 -0.000000 0.000000 0.000000 0.000000 1.000000
0.562814 -0.826571 0.004549 -0.000000 0.826569 0.562764 -0.008935 24.203600 0.004825 0.008789 0.999950 0.000000 0.000000 0.000000 0.000000 1.000000
0.360034 -0.932915 0.006741 0.000000 0.932913 0.359961 -0.010084 24.203600 0.006981 0.009919 0.999926 -0.000000 0.000000 0.000000 0.000000 1.000000
0.417358 -0.908722 0.006121 0.000000 0.908720 0.417291 -0.009823 24.203600 0.006372 0.009662 0.999933 -0.000000 0.000000 0.000000 0.000000 1.000000
0.576139 -0.817340 0.004405 -0.000000 0.817338 0.576090 -0.008835 24.203600 0.004684 0.008690 0.999951 0.000000 0.000000 0.000000 0.000000 1.000000
0.673296 -0.739366 0.003354 0.000000 0.739364 0.673258 -0.007992 24.203600 0.003650 0.007861 0.999962 -0.000000 0.000000 0.000000 0.000000 1.000000
0.709013 -0.705190 0.002969 -0.000000 0.705188 0.708979 -0.007623 24.203600 0.003271 0.007498 0.999967 0.000000 0.000000 0.000000 0.000000 1.000000
0.559902 -0.828546 0.004580 0.000000 0.828544 0.559852 -0.008956 24.203600 0.004856 0.008810 0.999949 0.000000 0.000000 0.000000 0.000000 1.000000
0.307838 -0.951411 0.007305 0.000000 0.951409 0.307758 -0.010284 24.203600 0.007536 0.010116 0.999920 0.000000 0.000000 0.000000 0.000000 1.000000
-0.081361 -0.996618 0.011512 -0.000000 0.996616 -0.081486 -0.010773 24.203600 0.011674 0.010597 0.999876 0.000000 0.000000 0.000000 0.000000 1.000000
-0.356402 -0.934220 0.014485 0.000000 0.934218 -0.356558 -0.010098 24.203600 0.014599 0.009933 0.999844 -0.000000 0.000000 0.000000 0.000000 1.000000
-0.340118 -0.940274 0.014309 0.000000 0.940272 -0.340272 -0.010164 24.203600 0.014426 0.009997 0.999846 -0.000000 0.000000 0.000000 0.000000 1.000000
0.156976 -0.987562 0.008936 -0.000000 0.987560 0.156879 -0.010675 24.203600 0.009140 0.010500 0.999903 0.000000 0.000000 0.000000 0.000000 1.000000
0.807127 -0.590375 0.001908 0.000000 0.590374 0.807105 -0.006382 24.203600 0.002228 0.006277 0.999978 0.000000 0.000000 0.000000 0.000000 1.000000
0.992494 -0.122297 -0.000095 0.000000 0.122297 0.992493 -0.001322 24.203600 0.000256 0.001300 0.999999 0.000000 0.000000 0.000000 0.000000 1.000000
0.920956 -0.389666 0.000678 0.000000 0.389666 0.920947 -0.004212 24.203600 0.001017 0.004143 0.999991 0.000000 0.000000 0.000000 0.000000 1.000000</float_array>
        <technique_common>
          <accessor source="#mixamorig_LeftForeArm-Matrix-animation-output-transform-array" count="16" stride="16">
            <param type="float4x4"/>
          </accessor>
        </technique_common>
      </source>
      <source id="mixamorig_LeftForeArm-Interpolations">
        <Name_array id="mixamorig_LeftForeArm-Interpolations-array" count="16">
 LINEAR LINEAR LINEAR LINEAR LINEAR LINEAR LINEAR LINEAR LINEAR LINEAR LINEAR
LINEAR LINEAR LINEAR LINEAR LINEAR</Name_array>
        <technique_common>
          <accessor source="#mixamorig_LeftForeArm-Interpolations-array" count="16">
            <param type="name"/>
          </accessor>
        </technique_common>
      </source>
      <sampler id="mixamorig_LeftForeArm-Matrix-animation-transform">
        <input semantic="INPUT" source="#mixamorig_LeftForeArm-Matrix-animation-input"/>
        <input semantic="OUTPUT" source="#mixamorig_LeftForeArm-Matrix-animation-output-transform"/>
        <input semantic="INTERPOLATION" source="#mixamorig_LeftForeArm-Interpolations"/>
      </sampler>
      <channel source="#mixamorig_LeftForeArm-Matrix-animation-transform" target="mixamorig_LeftForeArm/matrix"/>
    </animation>
    <animation id="mixamorig_LeftHand-anim" name="mixamorig_LeftHand">
      <source id="mixamorig_LeftHand-Matrix-animation-input">
        <float_array id="mixamorig_LeftHand-Matrix-animation-input-array" count="16">

0.000000 0.033333 0.066667 0.100000 0.133333 0.166667 0.200000 0.233333 0.266667 0.300000 0.333333 0.366667 0.400000 0.433333 0.466667 0.500000</float_array>
        <technique_common>
          <accessor source="#mixamorig_LeftHand-Matrix-animation-input-array" count="16">
            <param name="TIME" type="float"/>
